625.526 -0.471901 -119.686
619.746 -1.42336 -111.194
630.464 8.58679 -339.856
629.838 2.11053 -141.395
625.278 3.44431 -118.851
620 2.63504 -113.273
632.816 -4.54912 -332.452
634.966 -3.94758 -315.646
640.393 -4.33236 -305.508
645.463 -4.78051 -296.175
641.138 -0.383563 -134.734
639.467 -0.569544 -122.276
640.189 -3.39591 -54.7609
638.234 -1.88734 -43.1779
640.827 -3.6815 -29.4437
641.357 -1.93741 -14.7144
639.82 -2.06425 1.41284
638.974 -3.43477 15.2635
638.726 -2.37016 29.4723
632.162 7.29833 -334.03
633.986 1.883 -316.91
640.089 3.15856 -305.369
645.673 4.08471 -295.631
638.437 7.63065 -147.499
641.866 5.31566 -134.184
639.144 2.90212 -123.884
632.383 4.26445 -112.838
637.513 1.89121 -59.7346
636.628 3.12006 -27.4958
637.901 0.839517 2.52811
638.036 2.7022 14.5715
637.73 5.357 30.1093
649.02 -3.77538 -289.647
658.655 -3.14481 -274.505
660.174 -0.369023 -161.363
655.998 -0.219491 -152.976
656.345 -1.24394 -133.979
652.289 -0.293169 -127.151
656.415 -1.11579 -84.168
657.843 -2.47497 -74.9866
650.623 -2.22121 -57.99
651.038 -2.77486 -44.5507
652.734 -2.70932 -29.0232
653.756 -4.42042 -12.8227
656.27 -4.41184 0.0198856
657.237 -4.82845 15.4122
657.91 -7.43012 30.4178
658.604 -4.33949 45.6266
649.758 4.61624 -288.432
658.441 3.54678 -274.456
657.923 5.57817 -254.737
661.823 11.4439 -162.557
656.106 5.01962 -151.71
655.964 4.44682 -132.948
651.176 3.91616 -127.057
658.024 3.83225 -84.6225
658.072 5.8515 -74.151
650.564 2.38205 -57.4147
653.091 2.75983 -49.6264
653.378 1.33678 -27.7287
655.07 0.732227 -10.257
655.963 1.09982 -0.436872
655.845 1.3884 15.4886
658.97 1.22307 30.7533
658.981 3.61441 48.252
657.983 25.97 -72.9189
657.075 38.2272 -73.5432
664.489 -3.38656 -268.189
667.03 -3.41141 -260.875
675.486 -2.9612 -249.788
671.015 0.17229 -176.467
670.602 -0.15145 -167.594
672.489 -0.525299 -153.198
670.038 -0.116165 -139.11
668.189 -0.290401 -76.5019
663.495 -0.107811 -22.3122
665.694 -0.156828 -14.8331
670.686 -5.01119 -0.43545
668.542 -4.48043 13.1406
664.184 -5.12185 34.0835
672.634 -5.55043 44.008
672.794 -3.36671 57.9976
664.419 4.15871 -270.176
666.821 3.85915 -261.096
676.029 4.63363 -248.739
676.238 2.30623 -235.367
674.484 16.1305 -178.416
671.05 5.63158 -167.274
665.919 6.22267 -155.222
669.904 3.97265 -139.26
665.497 4.45388 -86.5435
664.492 4.35672 -82.9978
661.888 5.84468 -52.4953
665.753 4.38911 -24.8573
666.576 2.87183 -14.9655
668.083 1.76778 0.0316306
666.05 4.18854 16.4576
663.359 2.48395 31.6277
673.255 2.34465 44.4932
671.762 4.48695 58.4598
670.675 35.5425 -70.2344
674.606 36.331 -67.1257
683.098 -2.37856 -242.076
689.863 -0.702187 -232.67
686.992 -0.436624 -181.161
680.931 -1.29403 -171.153
682.229 0.0406219 -146.582
685.982 -0.551984 -139.862
691.377 -0.300887 -128.64
687.224 -1.39202 -76.9548
687.122 -1.51964 -67.0387
683.936 -5.5713 -0.485041
685.561 -4.81422 16.7475
686.101 -3.43328 34.0395
683.782 -5.88067 51.3732
689.64 -5.8288 56.6844
683.087 7.14863 -252.982
683.299 5.10967 -241.64
686.937 4.05452 -230.332
686.795 6.06985 -181.209
678.315 5.49038 -174.334
682.192 3.00476 -145.338
683.618 2.8778 -140.648
692.136 6.14923 -123.89
690.582 5.48645 -76.6226
690.846 4.65377 -66.4504
684.142 1.18265 -3.45871
686.68 1.90155 18.9231
685.165 2.80381 34.3752
683.17 3.42467 50.4559
686.64 3.50509 65.0505
689.678 8.08585 72.1735
682.883 33.8288 -72.4558
681.526 37.5229 -72.0038
681.581 36.5044 -64.013
696.565 -0.512333 -224.335
700.075 -1.02685 -219.671
705.097 -0.615893 -193.067
698.455 -0.406218 -187.099
697.971 -1.47779 -171.697
701.333 -0.689511 -151.488
699.46 -0.0659465 -135.004
701.28 0.0151373 -126.652
705.799 -1.33534 -107.038
705.363 -1.21102 -94.3128
704.219 -2.19808 -75.7275
702.437 -2.29049 -66.5388
706.497 -4.93339 -47.497
705.1 -4.93551 -26.3469
707.11 -6.49802 -14.0904
702.181 -4.6195 3.37837
702.35 -6.14522 13.6136
703.551 -5.4037 27.9037
702.317 -4.81204 46.2419
700.542 -5.62081 57.7484
704.254 -4.34145 71.4525
695.689 3.41526 -225.278
701.144 3.88715 -218.295
705.086 5.7726 -193.374
697.658 5.71772 -188.061
697.846 1.83987 -169.207
701.47 7.58693 -150.952
699.238 5.55828 -135.843
701.235 4.47885 -126.525
706.094 2.83734 -106.578
704.099 4.19794 -91.6689
704.053 5.19924 -78.0042
705.674 8.07305 -66.3551
706.518 9.60241 -45.5484
706.992 8.66596 -29.9502
706.032 8.9144 -15.2948
703.964 2.91126 -1.79449
701.173 3.44727 19.6717
703.914 2.52585 26.635
703.432 4.3257 46.9932
700.128 2.77795 57.3643
702.287 4.32858 72.4635
702.763 21.2745 -150.655
704.095 26.3087 -135.821
705.03 21.645 -128.257
707.347 22.2066 3.74712
703.631 24.6429 10.6246
703.99 39.8881 -145.036
704.433 39.7192 -142.137
703.807 53.5418 -142.681
716.807 -5.74838 -233.002
719.989 -1.00029 -210.327
712.817 -0.895018 -199.294
718.84 -1.23827 -179.594
718.412 -2.14246 -172.418
717.05 -0.567102 -154.29
715.115 -0.436209 -131.612
719.411 -2.01494 -122.933
718.452 -3.73749 -106.667
715.535 -3.81215 -90.1288
714.383 -2.85354 -77.7191
714.289 -3.0903 -59.0622
711.734 -3.29233 -45.2158
712.678 -4.01983 -30.205
717.575 -3.96146 -15.5985
709.787 -4.6374 2.48218
713.073 -6.01422 17.871
717.09 -4.81699 28.4675
715.285 -4.34523 48.4902
716.776 -5.08871 61.2574
712.471 -5.46114 73.7043
719.51 5.03147 -210.656
712.464 6.32872 -198.969
719.93 2.09839 -178.368
716.018 7.52916 -152.393
716.036 7.50778 -130.664
722.22 7.4466 -125.134
715.301 4.4006 -105.045
715.11 4.56385 -90.4355
714.762 4.66378 -76.9997
714.776 5.3173 -59.5513
711.761 2.28078 -45.7725
711.408 2.53666 -30.8439
717.181 5.44554 -14.5517
710.743 7.61399 2.87131
712.566 6.665 15.0283
717.459 4.7413 29.8917
715.574 4.64751 48.7621
715.86 3.06602 61.7102
713.264 1.61656 74.1252
716.322 20.1325 -152.419
715.98 21.4404 -132.807
722.436 20.4046 -121.593
716.131 26.3713 4.33346
715.263 24.3244 14.839
716.833 34.6079 -140.078
716.029 38.0377 6.74669
716.426 38.9292 11.927
715.701 61.9528 10.3021
738.014 -0.873419 -222.707
731.977 -0.975999 -216.377
731.867 -2.35633 -197.898
727.298 -1.63574 -180.8
727.236 -2.29812 -167.997
732.33 -0.917454 -155.869
737.177 -1.04851 -131.375
731.524 -1.00438 -120.555
732.929 -4.46627 -111.102
732.2 -5.9738 -94.395
732.729 -6.73115 -72.2627
735.02 -6.9745 -60.6195
730.042 -7.71847 -45.6955
734.364 -7.098 -26.7205
731.666 -3.8995 -14.026
732.369 -3.13104 -6.35836
728.219 -6.80991 23.4361
732.546 -6.87636 30.5705
729.82 -5.31339 50.0454
729.453 -5.66273 61.3622
725.092 -4.36384 73.1195
738.152 5.35737 -222.155
731.989 5.228 -217.214
733.536 4.84761 -192.113
737.116 7.48173 -187.035
730.863 1.63074 -162.954
732.136 7.14752 -152.091
736.704 7.31358 -130.625
730.3 6.91688 -122.055
731.481 3.00171 -113.883
731.989 5.40822 -13.2147
733.519 9.91157 -1.02119
731.915 13.3046 18.2728
732.619 5.16071 27.2553
727.851 4.21407 49.1957
730.901 3.15494 64.1659
726.702 4.41507 74.5578
731.561 20.2905 -151.502
734.164 25.2953 -135.139
729.809 20.2394 -120.235
733.933 24.9532 3.67704
731.748 24.7378 16.3367
724.59 34.7336 -140.6
734.555 36.3133 7.19785
734.924 39.9494 9.93277
745.521 -0.983805 -226.392
748.283 -1.80682 -214.49
750.777 -1.89168 -200.518
751.866 -0.88274 -187.329
750.169 -2.30284 -168.525
750.939 -0.984482 -153.208
746.16 -0.747718 -131.149
748.536 -2.595 -120.052
753.861 -2.97861 -105.768
753.496 -3.11594 -91.6577
746.327 -3.93851 -77.445
745.626 -3.97018 -60.5644
748.054 -3.55992 -45.4878
747.517 -4.41553 -30.5173
745.885 -4.52313 -13.5782
748.479 -4.34461 -0.776374
753.959 -8.48981 17.4108
746.472 -5.49986 30.6067
744.835 -7.19576 44.0392
747.848 -5.81306 62.6126
746.001 5.43644 -226.475
742.269 6.131 -216.181
749.959 3.22431 -200.538
741.592 5.21132 -187.181
751.565 1.95626 -168.628
749.123 7.32176 -151.177
746.729 9.20893 -132.535
750.296 5.5592 -124.298
754.788 2.5235 -103.345
753.29 2.82448 -91.9728
746.026 5.09734 -76.0012
747.757 6.05546 -60.0797
748.732 4.39781 -45.0357
748.49 4.26805 -31.9111
745.655 4.84234 -13.491
749.964 6.82914 0.624725
751.714 14.5765 16.6936
746.876 5.39539 29.6467
746.048 2.01816 44.0305
747.2 3.47256 62.9311
749.125 21.3028 -151.118
749.199 23.3666 -133.872
751.397 24.547 -128.466
747.977 23.1567 3.50656
749.45 24.2655 17.5261
752.68 40.6196 -134.764
754.468 38.7415 -127.972
752.473 34.6648 7.92432
751.924 36.8799 10.8554
753.993 52.1276 -134.339
767.306 -1.76008 -239.109
759.576 -0.997692 -230.372
759.37 -0.791928 -213.577
764.094 -1.0035 -199.557
762.71 -1.941 -185.691
766.363 -1.18698 -162.438
762.127 -0.424271 -151.164
762.445 -1.0417 -139.917
760.984 -1.69008 -119.604
763.522 -2.33221 -107.917
763.556 -2.87615 -90.93
756.608 -3.83216 -76.1343
760.655 -4.13141 -59.5023
767.335 -3.44644 -47.2093
769.169 -4.98077 -29.731
764.167 -5.15479 -11.4337
762.537 -5.42296 0.0589169
762.336 -5.99938 18.767
759.407 -8.71583 27.328
767.005 -6.69057 43.0698
763.247 -4.76904 60.6635
767.186 5.85866 -238.816
759.758 5.73236 -231.476
759.014 4.96309 -214.141
767.086 5.5554 -201.542
765.005 3.10583 -185.826
767.69 4.85034 -161.238
763.553 4.84029 -151.411
762.03 5.77982 -139.151
760.247 5.12262 -122.369
762.633 3.01254 -105.002
758.45 2.47107 -90.7286
756.271 3.24986 -76.5649
761.53 2.57259 -59.9012
766.647 4.43154 -47.9573
769.816 4.28684 -28.8552
763.13 3.81968 -11.3602
762.563 7.54914 2.1744
763.13 9.05225 18.7895
756.233 5.5513 25.6042
765.707 3.14531 43.6448
761.879 3.11785 61.1822
759.919 25.1008 -136.275
759.188 24.6688 -127.895
762.508 23.6803 -11.0281
762.322 22.5981 2.31589
762.514 21.899 18.1258
757.651 40.443 -134.248
762.056 40.6661 -122.97
763.534 35.5902 8.19541
763.83 37.3051 10.5811
756.189 53.6915 -134.672
775.367 -1.05674 -243.643
773.02 -1.46619 -233.224
773.833 -4.42121 -210.731
773.376 -0.578172 -193.244
779.989 -0.955122 -183.935
777.012 -1.067 -164.49
773.068 -1.81618 -154.359
778.862 -2.96534 -132.931
776.172 -4.17437 -118.662
776.802 -2.70618 -108.819
771.03 -4.24423 -92.4035
771.976 -3.40163 -73.7672
772.89 -4.15721 -58.7905
773.757 -5.14863 -49.0349
776.277 -4.88358 -31.2488
776.515 -4.7983 -11.1674
777.016 -5.65375 1.08833
776.418 -5.26721 14.8843
776.902 -8.76415 27.7335
778.89 -4.90715 51.2007
773.313 -4.47821 55.5776
774.738 5.73081 -243.496
775.953 5.92666 -230.826
772.712 5.48054 -212.301
772.813 6.30149 -193.947
780.192 4.50141 -183.81
777.503 4.46358 -165.185
773.467 5.04076 -155.072
776.721 5.03178 -132.469
776.437 1.48513 -120.914
774.998 4.23939 -108.948
773.107 6.09797 -91.0603
771.945 1.8089 -76.2208
774.503 3.18495 -60.0064
774.303 2.39965 -44.5686
777.232 1.44597 -32.9131
779.303 4.7057 -10.8143
776.113 7.21849 1.98854
775.314 8.38233 15.4431
777.148 4.89784 27.2034
782.124 2.84344 52.5759
773.964 3.81157 55.8668
784.432 18.766 -7.99187
775.289 22.9792 3.13878
775.438 22.0305 15.7701
791.488 -2.39004 -253.368
789.411 -0.969418 -248.9
788.743 -1.5098 -199.963
787.38 -1.26378 -176.779
793.625 -1.62718 -166.343
795.827 -1.44213 -153.407
790.683 -3.58943 -139.733
791.102 -2.39363 -123.669
798.844 -3.57542 -103.757
794.462 -4.15664 -93.4411
789.786 -1.93276 -81.4455
786.058 -4.44748 -67.0611
787.868 -5.16295 -31.0584
790.853 -3.58528 3.67477
794.292 -6.7944 14.6314
789.098 -5.79487 26.5333
792.227 -5.33673 47.0541
790.987 5.74666 -254.028
789.822 4.27298 -249.584
787.319 5.66586 -176.829
793.241 3.48118 -168.806
796.716 2.88558 -153.261
788.689 3.85565 -141.428
790.476 2.61269 -123.484
799.272 2.6459 -103.252
795.172 3.71408 -91.9681
789.894 4.58486 -78.3118
788.463 9.16214 -64.9494
789.366 6.80838 -23.2009
798.631 9.39887 -7.29544
788.964 6.75736 -2.86489
790.664 3.97492 19.8499
789.871 3.93923 31.3441
791.994 2.63362 47.3441
798.053 19.1042 -13.6861
792.21 21.416 3.81351
788.815 24.0887 9.75967
808.808 -0.282946 -181.142
803.346 -1.88943 -166.376
811.697 -2.77005 -154.111
802.548 -2.04856 -142.579
802.793 -4.04758 -114.848
808.736 -4.05447 -110.231
812.974 -4.44434 22.8787
809.74 -6.22227 26.9947
808.725 -3.94021 43.0466
814.178 6.59047 -175.579
803.715 4.89646 -168.286
811.527 4.67686 -154.395
802.229 8.91462 -143.831
802.844 5.08743 -114.864
809.128 2.79551 -110.209
802.044 7.21081 -93.7985
806.372 10.9899 -8.09694
808.003 11.2651 -3.42412
811.086 4.37218 19.7155
806.911 2.97181 37.9112
810.804 4.73531 42.3291
810.653 26.4927 -9.73269
811.42 24.4895 -4.45816
811.502 41.8648 -8.27736
810.952 42.0624 -5.65993
811.085 54.0586 -5.96771
827.998 -1.84111 -176.978
829.907 -2.4417 -167.202
823.677 -2.6685 -148.616
830.434 -2.29956 -143.531
822.182 -3.42334 -103.036
824.477 -7.03047 -97.128
826.418 -4.77462 21.869
826.302 -9.56138 26.9637
820.121 -8.00219 49.957
827.049 -6.19436 60.467
827.846 2.47779 -177.431
829.26 1.94836 -168.824
822.229 4.19136 -149.775
830.279 3.66591 -143.796
821.424 2.62594 -103.974
819.852 10.021 -16.252
823.875 8.09793 -2.22294
824.045 2.66579 17.6634
819.164 2.00167 50.9175
827.361 2.68198 61.8606
831.317 6.7559 73.8046
821.644 23.146 -10.3773
825.044 26.9413 -3.72428
826.396 41.3738 -3.13346
832.753 -3.90863 -180.808
833.031 -3.14203 -160.915
839.314 -3.71289 -152.281
845.14 -4.97985 -139.207
842.59 -9.70984 -40.5607
842.812 -5.57751 -33.8683
837.896 -4.29604 0.502705
839.18 -6.74892 18.3254
835.947 -9.54482 30.0012
836.921 -11.1908 48.1139
836.634 -8.95302 66.4758
840.948 -5.63105 77.9802
847.476 -6.30251 86.2592
844.394 -3.57383 103.559
834.113 4.51161 -183.356
833.345 3.70893 -160.786
838.029 3.04833 -152.948
837.939 2.20979 -138.032
839.332 2.91038 14.3515
837.462 2.61093 68.2545
838.302 2.40336 75.7796
845.515 2.75102 90.0351
849.433 -6.5666 -148.051
850.194 -4.52982 -136.514
859.56 -5.5916 -126.768
861.876 -9.56049 -55.2324
861.175 -7.50174 -49.3345
855.275 -4.44549 -27.389
862.66 -4.89104 -17.3301
860.649 -9.42831 7.92425
856.585 -8.62795 12.725
852.812 -5.67657 25.6019
851.658 -10.8325 77.4789
852.772 -8.86527 92.1509
861.229 -10.7919 103.954
852.605 1.88781 -149.449
850.795 3.08581 -136.433
859.822 2.88975 -126.203
854.841 6.25332 -44.7936
860.659 8.58837 -26.1032
857.067 4.52967 -10.5323
859.362 5.1331 5.15596
857.297 1.48054 11.0703
862.065 4.42635 26.8488
858.167 9.50798 46.0774
852.598 2.16436 82.9214
849.693 2.706 96.0735
859.04 3.11962 104.703
875.203 -6.2349 -117.814
874.135 -5.79742 -111.666
870.634 -6.51821 -91.5586
877.361 -7.38364 -76.2644
876 -6.19068 -57.7904
872.9 -7.29555 -46.8006
875.054 -3.86872 -28.8475
872.998 -6.97295 -12.1334
871.358 -8.61955 5.10449
868.264 -10.6417 12.396
867.015 -2.74064 26.0541
867.746 -10.1348 95.7708
871.149 -9.72582 111.088
875.853 -6.56088 118.266
878.163 -13.282 152.336
874.558 4.60271 -115.276
874.382 3.93098 -112.258
878.377 1.99163 -73.7911
877.653 2.65438 -56.7485
869.617 3.96104 -45.7176
873.087 6.76817 -28.8239
870.223 3.2301 1.75811
869.355 1.84761 21.0285
869.466 6.29722 30.3226
869.644 2.65813 114.518
873.084 3.44152 120
876.917 23.6996 -41.6301
875.86 18.1773 -34.4754
883.667 -6.5601 -118.776
884.788 -8.94084 -109.264
890.305 -7.13605 -91.388
889.055 -8.31425 -73.998
884.391 -9.59171 -61.8984
885.703 -8.58431 -43.9351
884.844 -7.34547 -31.9793
884.539 -8.15115 -15.1085
889.093 -12.0699 0.0481292
887.276 -4.76754 17.8922
888.963 -1.00818 25.9487
883.542 -13.4295 113.23
887.503 -8.1662 123.676
894.157 -7.03341 137.754
888.491 -8.99969 149.412
882.184 2.94406 -117.862
892.58 4.45901 -85.1581
891.768 3.30133 -76.7708
884.804 3.2025 -56.1925
885.137 5.91862 -46.7175
884.744 5.37374 -31.9596
888.241 2.1673 20.0571
889.255 3.18098 23.95
888.492 2.3235 126.712
889.149 2.75186 153.202
883.787 22.6491 -39.4795
885.459 19.5247 -34.9621
895.265 -9.70944 -120.785
898.264 -6.02993 -90.7633
898.421 -11.3275 -72.5026
895.71 -8.28816 -56.7584
899.012 -8.40468 -45.1731
906.711 -7.59693 -29.8645
901.673 -11.4363 -13.2308
904.236 -11.5332 -0.266011
904.885 -8.52712 12.7129
903.041 -4.68547 26.6296
906.896 -0.0802682 92.1639
895.452 -12.0061 109.818
902.295 -11.0554 124.764
902.894 -8.41832 135.749
897.552 1.48523 -91.4353
895.571 6.33178 -69.8961
900.054 3.95786 -55.5228
903.284 6.69526 -47.5118
907.215 3.08814 -28.021
909.824 3.13303 -20.4475
907.34 1.95904 26.5514
902.949 4.45185 106.072
904.23 2.63656 130.604
902.225 1.34166 137.58
917.893 -3.43618 -54.7165
917.138 -6.01433 -46.4672
912.637 -9.33587 -28.7309
917.511 -7.6428 -14.7349
919.281 -7.09535 4.88482
914.259 -6.51955 14.2578
919.322 -10.5929 32.778
922.344 -13.5054 41.595
921.376 -6.63754 63.309
922.637 -10.1915 84.9389
921.109 -7.24906 94.5381
921.797 -11.6428 110.372
920 -13.4731 122.07
918.47 -10.1271 135.607
923.838 -11.3762 154.424
921.368 -10.09 186.571
914.3 8.19437 -54.6918
913.493 9.89539 -47.4168
913.068 8.109 -25.1627
917.967 4.82574 -15.4466
917.956 2.85976 22.3368
917.929 2.99837 27.5981
915.003 2.54252 135.727
921.493 5.04881 150.444
934.57 -2.26779 -53.155
935.895 -3.11554 -43.8871
931.963 -8.19673 -7.67698
935.559 -8.71499 2.43403
933.229 -3.98822 21.1309
932.757 -9.82256 34.0952
933.972 -12.9481 44.6705
938.408 -14.0249 68.9301
934.106 -10.7985 79.3309
933.856 -11.9732 93.2271
932.356 -12.3762 108.711
928.625 -11.6498 117.647
931.647 -10.7782 140.58
932.336 -10.0854 153.468
936.533 -7.82894 171.703
931.966 -8.71954 183.997
930.047 4.76831 -10.3876
938.371 1.80703 -0.0354348
939.419 2.76012 17.2274
938.179 1.43548 76.7748
939.431 3.66858 173.303
934.421 4.93645 182.487
954.37 -16.1917 79.6919
950.65 -16.2515 91.9276
945.71 -0.0669124 -50.7245
943.838 -11.587 -7.41588
949.415 -9.1468 -2.32434
947.751 -6.56026 15.9028
950.911 -5.79614 29.3506
947.423 -11.9764 45.1815
952.374 -12.4553 65.0454
950.387 -9.67198 77.8493
944.81 -9.88199 87.178
950.76 -11.0738 110.716
943.623 -12.0211 130.973
950.463 -14.5395 139.625
951.045 -8.26677 153.622
945.25 -8.46124 164.662
944.203 2.63008 -55.5778
944.073 2.7653 -6.90998
948.189 1.11571 -4.95466
947.996 4.81587 19.9408
953.029 1.84687 25.1292
944.64 4.55847 41.7608
953.574 5.51846 80.0003
949.911 3.59076 93.4968
951.099 2.79954 156.112
945.167 5.71757 167.629
970.45 -16.1558 51.3426
965.728 -16.1486 62.827
962.145 -16.5738 77.6877
971.158 -11.1337 -43.5806
972.301 -8.71193 -26.7164
971.232 -8.42581 -14.2909
965.455 -9.5516 -1.48699
970.871 -8.51551 16.6797
966.942 -8.3274 27.8827
968.893 -13.6869 49.1203
966.12 -12.8082 58.6298
964.267 -11.8923 73.8473
961.85 -8.26784 94.5188
969.12 -13.2937 108.158
969.2 -8.3943 126.304
962.77 -8.76131 138.732
967 -9.4711 147.481
972.191 1.54257 -26.4569
971.903 1.91442 -16.4991
964.948 2.12209 -2.14758
965.665 1.60886 21.9151
961.53 2.04093 24.9757
967.017 5.85069 68.9656
960.375 4.94057 73.2183
969.039 4.83548 125.973
965.579 4.91053 136.908
960.683 4.36438 148.518
985.901 -16.5553 -41.4899
983.318 -16.1971 -28.34
980.708 -16.3144 -16.689
977.086 -16.459 47.4652
974.01 -16.2564 56.6397
984.094 -10.0289 -117.623
980.15 -14.2322 -74.6161
975.525 -8.32789 -54.0212
977.084 -8.39433 -47.7475
974.38 -11.4322 -31.3807
975.106 -14.2063 -15.3151
979.491 -14.3678 -3.36953
977.068 -9.48604 16.5617
974.396 -10.9765 30.1194
974.69 -15.1939 46.4052
977.235 -10.5814 59.8348
983.586 -10.5144 82.7602
985.368 -6.97615 97.1023
979.973 -7.1143 108.368
973.928 -7.67317 119.026
977.022 -11.0711 141.693
975.863 -8.89889 151.283
977.339 3.92058 -54.0451
974.503 2.0989 -48.2048
972.492 1.92523 -33.5722
972.681 2.89147 -16.1384
986.237 3.67645 98.1268
980.164 4.34463 107.804
973.6 6.62148 119.791
976.3 6.10501 137.241
991.238 -16.2964 -47.5466
998.593 -16.1477 -29.0316
999.278 -16.5132 -16.8296
1001.27 -16.6639 -6.30664
998.46 -10.9404 -114.762
999.366 -8.43916 -111.46
999.981 -12.3338 -72.5923
1000.69 -10.2441 -58.7436
994.882 -10.7557 -48.431
997.636 -14.6539 -30.2241
996.556 -15.9597 -13.3597
989.325 -12.2894 -4.15203
996.936 -9.7671 19.2179
998.147 -10.0265 32.9232
1001.96 -7.56018 51.9613
999.721 -7.05405 62.4746
997.387 -6.06252 77.5499
991.264 -5.06635 91.2416
998.912 3.77795 -58.9524
993.083 2.84147 -48.9645
1001.95 4.91609 67.7958
999.082 4.66665 78.8847
991.348 4.39551 90.661
1015.48 -18.4055 -104.043
1015.34 -16.7063 -89.2235
1011.79 -16.3185 -77.5396
1014.7 -16.2046 -58.9054
1012 -16.9962 -45.3627
1013.43 -17.8761 -32.8656
1005.95 -16.1949 -16.9857
1009.59 -16.2923 13.702
1013.41 -10.2978 -106.374
1015.84 -11.4162 -88.9011
1009.35 -10.2883 -76.185
1013.47 -12.6616 -60.6298
1012.98 -11.0789 -45.4775
1013.71 -12.925 -33.2714
1007.78 -12.3022 -18.6567
1012.16 -11.7272 3.08635
1016.86 -12.7809 16.2839
1012.33 -5.51806 33.5095
1010.35 -5.30977 46.336
1006.93 -6.99521 61.4322
1004.06 -7.6015 74.022
1016.26 2.21234 -88.3634
1010.6 1.28541 -77.5882
1018.19 1.25406 -56.1835
1012.93 1.64203 -43.9731
1016.44 3.75654 -36.3764
1015.96 3.46652 35.0842
1011.51 4.38661 47.6168
1006.66 5.25716 60.9143
1003.68 3.68431 72.1102
1030.04 -16.3207 -101.822
1024.9 -16.1714 -93.31
1023.37 -16.2119 -77.7993
1021.28 -16.501 -61.4976
1028.03 -16.6437 -42.3292
1031.84 -17.712 -26.6829
1030.84 -18.0559 -16.3252
1030.59 -17.0391 1.88356
1027.22 -16.6102 11.7293
1033.37 -12.6254 -121.183
1025.35 -10.9141 -102.87
1028.06 -12.6236 -88.9391
1024.45 -9.69402 -75.2181
1021.57 -10.2928 -62.5352
1028.9 -11.5948 -46.5605
1027.64 -13.2759 -31.279
1028.5 -14.022 -12.1797
1030.46 -10.792 4.44649
1025.3 -7.66747 15.5069
1021.07 -5.87348 28.4118
1021.6 -4.07779 45.7859
1026.41 -8.07971 55.6774
1026.88 2.86933 -106.388
1028.75 2.28324 -87.4868
1024.44 2.68494 -73.3712
1021.19 2.38216 -61.2712
1020.73 3.21923 -33.0353
1025.89 4.33006 16.9597
1022.59 3.58172 31.2041
1022.01 2.87595 45.2152
1025.79 5.29199 59.1614
1036.99 -16.1869 -102.657
1041.31 -16.1594 -91.2207
1048.04 -17.4742 -53.7701
1040.21 -17.6274 -41.6282
1038.06 -17.2853 -29.6134
1041.75 -17.2816 -15.5836
1040.16 -17.2299 -0.510729
1040.16 -9.35411 -121.774
1035.38 -11.4285 -103.404
1038.95 -12.3162 -89.8134
1036.26 -14.1065 -75.1501
1037.88 -6.71497 -57.2823
1045.18 -10.0066 -40.1692
1037.25 -10.7923 -29.8324
1042.82 -8.84961 -20.4532
1041.47 -11.4308 0.98437
1038.88 -3.69399 31.3754
1040.8 1.64926 -106.891
1045.16 3.52866 -60.8965
1038.15 7.32429 -26.1223
1042.98 3.91676 -20.5331
1036.88 2.1417 14.2064
1058.02 -17.1482 -74.0491
1057.74 -16.6183 -60.4333
1053.7 -17.4028 -47.5503
1053.05 -17.6103 -14.3066
1057.58 -16.598 -1.57573
1060.46 -9.85485 -90.4088
1063.74 -11.2982 -71.3478
1057.06 -8.60199 -58.3862
1051.98 -9.396 -48.6708
1054.3 -10.6793 -15.275
1057.38 -10.2677 -1.6174
1061.36 1.62653 -55.5026
1055.42 0.74641 -44.7653
1050.7 1.66383 -16.3333
1072.81 -16.9802 -2.78735
1074.78 -10.2447 -86.4309
1070.1 -8.97959 -81.3931
1070.98 -12.0725 -16.454
1071.67 -9.10011 -3.2451
1075.45 3.7 -74.016
